x = [-3.141593e+00, -3.135310e+00, -3.129027e+00, -3.122743e+00, -3.116460e+00, -3.110177e+00, -3.103894e+00, -3.097611e+00, -3.091328e+00, -3.085044e+00, -3.078761e+00, -3.072478e+00, -3.066195e+00, -3.059912e+00, -3.053628e+00, -3.047345e+00, -3.041062e+00, -3.034779e+00, -3.028496e+00, -3.022212e+00, -3.015929e+00, -3.009646e+00, -3.003363e+00, -2.997080e+00, -2.990797e+00, -2.984513e+00, -2.978230e+00, -2.971947e+00, -2.965664e+00, -2.959381e+00, -2.953097e+00, -2.946814e+00, -2.940531e+00, -2.934248e+00, -2.927965e+00, -2.921681e+00, -2.915398e+00, -2.909115e+00, -2.902832e+00, -2.896549e+00, -2.890266e+00, -2.883982e+00, -2.877699e+00, -2.871416e+00, -2.865133e+00, -2.858850e+00, -2.852566e+00, -2.846283e+00, -2.840000e+00, -2.833717e+00, -2.827434e+00, -2.821151e+00, -2.814867e+00, -2.808584e+00, -2.802301e+00, -2.796018e+00, -2.789735e+00, -2.783451e+00, -2.777168e+00, -2.770885e+00, -2.764602e+00, -2.758319e+00, -2.752035e+00, -2.745752e+00, -2.739469e+00, -2.733186e+00, -2.726903e+00, -2.720620e+00, -2.714336e+00, -2.708053e+00, -2.701770e+00, -2.695487e+00, -2.689204e+00, -2.682920e+00, -2.676637e+00, -2.670354e+00, -2.664071e+00, -2.657788e+00, -2.651504e+00, -2.645221e+00, -2.638938e+00, -2.632655e+00, -2.626372e+00, -2.620089e+00, -2.613805e+00, -2.607522e+00, -2.601239e+00, -2.594956e+00, -2.588673e+00, -2.582389e+00, -2.576106e+00, -2.569823e+00, -2.563540e+00, -2.557257e+00, -2.550974e+00, -2.544690e+00, -2.538407e+00, -2.532124e+00, -2.525841e+00, -2.519558e+00, -2.513274e+00, -2.506991e+00, -2.500708e+00, -2.494425e+00, -2.488142e+00, -2.481858e+00, -2.475575e+00, -2.469292e+00, -2.463009e+00, -2.456726e+00, -2.450443e+00, -2.444159e+00, -2.437876e+00, -2.431593e+00, -2.425310e+00, -2.419027e+00, -2.412743e+00, -2.406460e+00, -2.400177e+00, -2.393894e+00, -2.387611e+00, -2.381327e+00, -2.375044e+00, -2.368761e+00, -2.362478e+00, -2.356195e+00, -2.349912e+00, -2.343628e+00, -2.337345e+00, -2.331062e+00, -2.324779e+00, -2.318496e+00, -2.312212e+00, -2.305929e+00, -2.299646e+00, -2.293363e+00, -2.287080e+00, -2.280797e+00, -2.274513e+00, -2.268230e+00, -2.261947e+00, -2.255664e+00, -2.249381e+00, -2.243097e+00, -2.236814e+00, -2.230531e+00, -2.224248e+00, -2.217965e+00, -2.211681e+00, -2.205398e+00, -2.199115e+00, -2.192832e+00, -2.186549e+00, -2.180266e+00, -2.173982e+00, -2.167699e+00, -2.161416e+00, -2.155133e+00, -2.148850e+00, -2.142566e+00, -2.136283e+00, -2.130000e+00, -2.123717e+00, -2.117434e+00, -2.111150e+00, -2.104867e+00, -2.098584e+00, -2.092301e+00, -2.086018e+00, -2.079735e+00, -2.073451e+00, -2.067168e+00, -2.060885e+00, -2.054602e+00, -2.048319e+00, -2.042035e+00, -2.035752e+00, -2.029469e+00, -2.023186e+00, -2.016903e+00, -2.010620e+00, -2.004336e+00, -1.998053e+00, -1.991770e+00, -1.985487e+00, -1.979204e+00, -1.972920e+00, -1.966637e+00, -1.960354e+00, -1.954071e+00, -1.947788e+00, -1.941504e+00, -1.935221e+00, -1.928938e+00, -1.922655e+00, -1.916372e+00, -1.910089e+00, -1.903805e+00, -1.897522e+00, -1.891239e+00, -1.884956e+00, -1.878673e+00, -1.872389e+00, -1.866106e+00, -1.859823e+00, -1.853540e+00, -1.847257e+00, -1.840973e+00, -1.834690e+00, -1.828407e+00, -1.822124e+00, -1.815841e+00, -1.809558e+00, -1.803274e+00, -1.796991e+00, -1.790708e+00, -1.784425e+00, -1.778142e+00, -1.771858e+00, -1.765575e+00, -1.759292e+00, -1.753009e+00, -1.746726e+00, -1.740443e+00, -1.734159e+00, -1.727876e+00, -1.721593e+00, -1.715310e+00, -1.709027e+00, -1.702743e+00, -1.696460e+00, -1.690177e+00, -1.683894e+00, -1.677611e+00, -1.671327e+00, -1.665044e+00, -1.658761e+00, -1.652478e+00, -1.646195e+00, -1.639912e+00, -1.633628e+00, -1.627345e+00, -1.621062e+00, -1.614779e+00, -1.608496e+00, -1.602212e+00, -1.595929e+00, -1.589646e+00, -1.583363e+00, -1.577080e+00, -1.570796e+00, -1.564513e+00, -1.558230e+00, -1.551947e+00, -1.545664e+00, -1.539381e+00, -1.533097e+00, -1.526814e+00, -1.520531e+00, -1.514248e+00, -1.507965e+00, -1.501681e+00, -1.495398e+00, -1.489115e+00, -1.482832e+00, -1.476549e+00, -1.470266e+00, -1.463982e+00, -1.457699e+00, -1.451416e+00, -1.445133e+00, -1.438850e+00, -1.432566e+00, -1.426283e+00, -1.420000e+00, -1.413717e+00, -1.407434e+00, -1.401150e+00, -1.394867e+00, -1.388584e+00, -1.382301e+00, -1.376018e+00, -1.369735e+00, -1.363451e+00, -1.357168e+00, -1.350885e+00, -1.344602e+00, -1.338319e+00, -1.332035e+00, -1.325752e+00, -1.319469e+00, -1.313186e+00, -1.306903e+00, -1.300620e+00, -1.294336e+00, -1.288053e+00, -1.281770e+00, -1.275487e+00, -1.269204e+00, -1.262920e+00, -1.256637e+00, -1.250354e+00, -1.244071e+00, -1.237788e+00, -1.231504e+00, -1.225221e+00, -1.218938e+00, -1.212655e+00, -1.206372e+00, -1.200089e+00, -1.193805e+00, -1.187522e+00, -1.181239e+00, -1.174956e+00, -1.168673e+00, -1.162389e+00, -1.156106e+00, -1.149823e+00, -1.143540e+00, -1.137257e+00, -1.130973e+00, -1.124690e+00, -1.118407e+00, -1.112124e+00, -1.105841e+00, -1.099558e+00, -1.093274e+00, -1.086991e+00, -1.080708e+00, -1.074425e+00, -1.068142e+00, -1.061858e+00, -1.055575e+00, -1.049292e+00, -1.043009e+00, -1.036726e+00, -1.030443e+00, -1.024159e+00, -1.017876e+00, -1.011593e+00, -1.005310e+00, -9.990266e-01, -9.927434e-01, -9.864602e-01, -9.801770e-01, -9.738938e-01, -9.676106e-01, -9.613275e-01, -9.550443e-01, -9.487611e-01, -9.424779e-01, -9.361947e-01, -9.299115e-01, -9.236283e-01, -9.173452e-01, -9.110620e-01, -9.047788e-01, -8.984956e-01, -8.922124e-01, -8.859292e-01, -8.796460e-01, -8.733629e-01, -8.670797e-01, -8.607965e-01, -8.545133e-01, -8.482301e-01, -8.419469e-01, -8.356637e-01, -8.293806e-01, -8.230974e-01, -8.168142e-01, -8.105310e-01, -8.042478e-01, -7.979646e-01, -7.916814e-01, -7.853982e-01, -7.791151e-01, -7.728319e-01, -7.665487e-01, -7.602655e-01, -7.539823e-01, -7.476991e-01, -7.414159e-01, -7.351328e-01, -7.288496e-01, -7.225664e-01, -7.162832e-01, -7.100000e-01, -7.037168e-01, -6.974336e-01, -6.911505e-01, -6.848673e-01, -6.785841e-01, -6.723009e-01, -6.660177e-01, -6.597345e-01, -6.534513e-01, -6.471682e-01, -6.408850e-01, -6.346018e-01, -6.283186e-01, -6.220354e-01, -6.157522e-01, -6.094690e-01, -6.031859e-01, -5.969027e-01, -5.906195e-01, -5.843363e-01, -5.780531e-01, -5.717699e-01, -5.654867e-01, -5.592036e-01, -5.529204e-01, -5.466372e-01, -5.403540e-01, -5.340708e-01, -5.277876e-01, -5.215044e-01, -5.152213e-01, -5.089381e-01, -5.026549e-01, -4.963717e-01, -4.900885e-01, -4.838053e-01, -4.775221e-01, -4.712389e-01, -4.649558e-01, -4.586726e-01, -4.523894e-01, -4.461062e-01, -4.398230e-01, -4.335398e-01, -4.272566e-01, -4.209735e-01, -4.146903e-01, -4.084071e-01, -4.021239e-01, -3.958407e-01, -3.895575e-01, -3.832743e-01, -3.769912e-01, -3.707080e-01, -3.644248e-01, -3.581416e-01, -3.518584e-01, -3.455752e-01, -3.392920e-01, -3.330089e-01, -3.267257e-01, -3.204425e-01, -3.141593e-01, -3.078761e-01, -3.015929e-01, -2.953097e-01, -2.890266e-01, -2.827434e-01, -2.764602e-01, -2.701770e-01, -2.638938e-01, -2.576106e-01, -2.513274e-01, -2.450443e-01, -2.387611e-01, -2.324779e-01, -2.261947e-01, -2.199115e-01, -2.136283e-01, -2.073451e-01, -2.010620e-01, -1.947788e-01, -1.884956e-01, -1.822124e-01, -1.759292e-01, -1.696460e-01, -1.633628e-01, -1.570796e-01, -1.507965e-01, -1.445133e-01, -1.382301e-01, -1.319469e-01, -1.256637e-01, -1.193805e-01, -1.130973e-01, -1.068142e-01, -1.005310e-01, -9.424779e-02, -8.796460e-02, -8.168142e-02, -7.539823e-02, -6.911505e-02, -6.283186e-02, -5.654867e-02, -5.026549e-02, -4.398230e-02, -3.769912e-02, -3.141593e-02, -2.513274e-02, -1.884956e-02, -1.256637e-02, -6.283186e-03, 3.598857e-14, 6.283186e-03, 1.256637e-02, 1.884956e-02, 2.513274e-02, 3.141593e-02, 3.769912e-02, 4.398230e-02, 5.026549e-02, 5.654867e-02, 6.283186e-02, 6.911505e-02, 7.539823e-02, 8.168142e-02, 8.796460e-02, 9.424779e-02, 1.005310e-01, 1.068142e-01, 1.130973e-01, 1.193805e-01, 1.256637e-01, 1.319469e-01, 1.382301e-01, 1.445133e-01, 1.507965e-01, 1.570797e-01, 1.633628e-01, 1.696460e-01, 1.759292e-01, 1.822124e-01, 1.884956e-01, 1.947788e-01, 2.010620e-01, 2.073451e-01, 2.136283e-01, 